  0.10,  0.00,  0.00,  0.00
  0.15,  0.00,  0.00,  0.00
  0.20,  0.00,  0.00,  0.00
  0.25,  0.00,  0.00,  0.00
  0.30,  0.00,  0.00,  0.00
  0.35,  0.00,  0.00,  0.00
  0.40,  0.00,  0.00,  0.00
  0.45,  0.00,  0.00,  0.00
  0.50,  0.00,  0.00,  0.00
  0.55,  0.00,  0.00,  0.00
  0.60,  0.00,  0.00,  0.00
  0.65,  0.00,  0.00,  0.00
  0.70,  0.00,  0.00,  0.00
  0.75,  0.00,  0.00,  0.00
  0.80,  0.00,  0.00,  0.00
  0.85,  0.00,  0.00,  0.00
  0.90,  0.00,  0.00,  0.00
  0.95,  0.01,  0.01,  0.01
  1.00,  0.01,  0.01,  0.01
  1.05,  0.01,  0.01,  0.01
  1.10,  0.01,  0.01,  0.01
  1.15,  0.01,  0.01,  0.01
  1.20,  0.01,  0.01,  0.01
  1.25,  0.01,  0.01,  0.01
  1.30,  0.02,  0.02,  0.02
  1.35,  0.02,  0.02,  0.02
  1.40,  0.02,  0.02,  0.02
  1.45,  0.02,  0.02,  0.02
  1.50,  0.03,  0.03,  0.03
  1.55,  0.03,  0.03,  0.03
  1.60,  0.03,  0.03,  0.03
  1.65,  0.04,  0.04,  0.04
  1.70,  0.04,  0.04,  0.04
  1.75,  0.04,  0.04,  0.04
  1.80,  0.05,  0.05,  0.05
  1.85,  0.05,  0.05,  0.05
  1.90,  0.06,  0.06,  0.06
  1.95,  0.07,  0.07,  0.07
  2.00,  0.07,  0.07,  0.07
  2.05,  0.08,  0.08,  0.08
  2.10,  0.09,  0.09,  0.09
  2.15,  0.09,  0.09,  0.09
  2.20,  0.10,  0.10,  0.10
  2.25,  0.11,  0.11,  0.11
  2.30,  0.12,  0.12,  0.12
  2.35,  0.13,  0.13,  0.13
  2.40,  0.14,  0.14,  0.14
  2.45,  0.15,  0.15,  0.15
  2.50,  0.16,  0.16,  0.16
  2.55,  0.17,  0.17,  0.17
  2.60,  0.18,  0.18,  0.18
  2.65,  0.19,  0.19,  0.19
  2.70,  0.20,  0.20,  0.20
  2.75,  0.21,  0.21,  0.21
  2.80,  0.22,  0.22,  0.22
  2.85,  0.23,  0.23,  0.23
  2.90,  0.24,  0.24,  0.24
  2.95,  0.25,  0.25,  0.25
  3.00,  0.26,  0.26,  0.26
  3.05,  0.27,  0.27,  0.27
  3.10,  0.28,  0.28,  0.28
  3.15,  0.29,  0.29,  0.29
  3.20,  0.30,  0.30,  0.30
  3.25,  0.31,  0.31,  0.31
  3.30,  0.31,  0.31,  0.32
  3.35,  0.32,  0.32,  0.33
  3.40,  0.33,  0.33,  0.33
  3.45,  0.34,  0.34,  0.34
  3.50,  0.35,  0.35,  0.35
  3.55,  0.35,  0.35,  0.36
  3.60,  0.36,  0.36,  0.36
  3.65,  0.37,  0.37,  0.37
  3.70,  0.37,  0.37,  0.38
  3.75,  0.38,  0.38,  0.38
  3.80,  0.39,  0.39,  0.39
  3.85,  0.39,  0.39,  0.39
  3.90,  0.40,  0.40,  0.40
  3.95,  0.40,  0.40,  0.41
  4.00,  0.41,  0.41,  0.41
  4.05,  0.41,  0.41,  0.42
  4.10,  0.42,  0.42,  0.42
  4.15,  0.42,  0.42,  0.43
  4.20,  0.43,  0.43,  0.43
  4.25,  0.43,  0.43,  0.43
  4.30,  0.44,  0.44,  0.44
  4.35,  0.44,  0.44,  0.44
  4.40,  0.44,  0.45,  0.45
  4.45,  0.45,  0.45,  0.45
  4.50,  0.45,  0.45,  0.46
  4.55,  0.46,  0.46,  0.46
  4.60,  0.46,  0.46,  0.46
  4.65,  0.46,  0.46,  0.47
  4.70,  0.47,  0.47,  0.47
  4.75,  0.47,  0.47,  0.47
  4.80,  0.47,  0.47,  0.48
  4.85,  0.48,  0.48,  0.48
  4.90,  0.48,  0.48,  0.48
  4.95,  0.48,  0.48,  0.48
  5.00,  0.48,  0.49,  0.49
  5.05,  0.49,  0.49,  0.49
  5.10,  0.49,  0.49,  0.49
  5.15,  0.49,  0.49,  0.49
  5.20,  0.49,  0.50,  0.50
  5.25,  0.50,  0.50,  0.50
  5.30,  0.50,  0.50,  0.50
  5.35,  0.50,  0.50,  0.50
  5.40,  0.50,  0.50,  0.51
  5.45,  0.51,  0.51,  0.51
  5.50,  0.51,  0.51,  0.51
  5.55,  0.51,  0.51,  0.51
  5.60,  0.51,  0.51,  0.51
  5.65,  0.51,  0.51,  0.51
  5.70,  0.51,  0.52,  0.52
  5.75,  0.52,  0.52,  0.52
  5.80,  0.52,  0.52,  0.52
  5.85,  0.52,  0.52,  0.52
  5.90,  0.52,  0.52,  0.52
  5.95,  0.52,  0.52,  0.52
  6.00,  0.52,  0.53,  0.53
  6.05,  0.53,  0.53,  0.53
  6.10,  0.53,  0.53,  0.53
  6.15,  0.53,  0.53,  0.53
  6.20,  0.53,  0.53,  0.53
  6.25,  0.53,  0.53,  0.53
  6.30,  0.53,  0.53,  0.53
  6.35,  0.53,  0.53,  0.54
  6.40,  0.53,  0.54,  0.54
  6.45,  0.54,  0.54,  0.54
  6.50,  0.54,  0.54,  0.54
  6.55,  0.54,  0.54,  0.54
  6.60,  0.54,  0.54,  0.54
  6.65,  0.54,  0.54,  0.54
  6.70,  0.54,  0.54,  0.54
  6.75,  0.54,  0.54,  0.54
  6.80,  0.54,  0.54,  0.54
  6.85,  0.54,  0.54,  0.55
  6.90,  0.54,  0.55,  0.55
  6.95,  0.55,  0.55,  0.55
  7.00,  0.55,  0.55,  0.55
  7.05,  0.55,  0.55,  0.55
  7.10,  0.55,  0.55,  0.55
  7.15,  0.55,  0.55,  0.55
  7.20,  0.55,  0.55,  0.55
  7.25,  0.55,  0.55,  0.55
  7.30,  0.55,  0.55,  0.55
  7.35,  0.55,  0.55,  0.55
  7.40,  0.55,  0.55,  0.55
  7.45,  0.55,  0.55,  0.56
  7.50,  0.55,  0.55,  0.56
  7.55,  0.55,  0.56,  0.56
  7.60,  0.56,  0.56,  0.56
  7.65,  0.56,  0.56,  0.56
  7.70,  0.56,  0.56,  0.56
  7.75,  0.56,  0.56,  0.56
  7.80,  0.56,  0.56,  0.56
  7.85,  0.56,  0.56,  0.56
  7.90,  0.56,  0.56,  0.56
  7.95,  0.56,  0.56,  0.56
  8.00,  0.56,  0.56,  0.56
  8.05,  0.56,  0.56,  0.56
  8.10,  0.56,  0.56,  0.56
  8.15,  0.56,  0.56,  0.56
  8.20,  0.56,  0.56,  0.56
  8.25,  0.56,  0.56,  0.56
  8.30,  0.56,  0.56,  0.56
  8.35,  0.56,  0.56,  0.56
  8.40,  0.56,  0.56,  0.57
  8.45,  0.56,  0.56,  0.57
  8.50,  0.56,  0.57,  0.57
  8.55,  0.57,  0.57,  0.57
  8.60,  0.57,  0.57,  0.57
  8.65,  0.57,  0.57,  0.57
  8.70,  0.57,  0.57,  0.57
  8.75,  0.57,  0.57,  0.57
  8.80,  0.57,  0.57,  0.57
  8.85,  0.57,  0.57,  0.57
  8.90,  0.57,  0.57,  0.57
  8.95,  0.57,  0.57,  0.57
  9.00,  0.57,  0.57,  0.57
  9.05,  0.57,  0.57,  0.57
  9.10,  0.57,  0.57,  0.57
  9.15,  0.57,  0.57,  0.57
  9.20,  0.57,  0.57,  0.57
  9.25,  0.57,  0.57,  0.57
  9.30,  0.57,  0.57,  0.57
  9.35,  0.57,  0.57,  0.57
  9.40,  0.57,  0.57,  0.57
  9.45,  0.57,  0.57,  0.57
  9.50,  0.57,  0.57,  0.57
  9.55,  0.57,  0.57,  0.57
  9.60,  0.57,  0.57,  0.57
  9.65,  0.57,  0.57,  0.57
  9.70,  0.57,  0.57,  0.57
  9.75,  0.57,  0.57,  0.57
  9.80,  0.57,  0.57,  0.57
  9.85,  0.57,  0.57,  0.57
  9.90,  0.57,  0.57,  0.57
  9.95,  0.57,  0.57,  0.57
 10.00,  0.57,  0.57,  0.58
 10.05,  0.57,  0.57,  0.58
 10.10,  0.57,  0.57,  0.58
 10.15,  0.57,  0.58,  0.58
 10.20,  0.57,  0.58,  0.58
 10.25,  0.58,  0.58,  0.58
 10.30,  0.58,  0.58,  0.58
 10.35,  0.58,  0.58,  0.58
 10.40,  0.58,  0.58,  0.58
 10.45,  0.58,  0.58,  0.58
 10.50,  0.58,  0.58,  0.58
 10.55,  0.58,  0.58,  0.58
 10.60,  0.58,  0.58,  0.58
 10.65,  0.58,  0.58,  0.58
 10.70,  0.58,  0.58,  0.58
 10.75,  0.58,  0.58,  0.58
 10.80,  0.58,  0.58,  0.58
 10.85,  0.58,  0.58,  0.58
 10.90,  0.58,  0.58,  0.58
 10.95,  0.58,  0.58,  0.58
 11.00,  0.58,  0.58,  0.58
 11.05,  0.58,  0.58,  0.58
 11.10,  0.58,  0.58,  0.58
 11.15,  0.58,  0.58,  0.58
 11.20,  0.58,  0.58,  0.58
 11.25,  0.58,  0.58,  0.58
 11.30,  0.58,  0.58,  0.58
 11.35,  0.58,  0.58,  0.58
 11.40,  0.58,  0.58,  0.58
 11.45,  0.58,  0.58,  0.58
 11.50,  0.58,  0.58,  0.58
 11.55,  0.58,  0.58,  0.58
 11.60,  0.58,  0.58,  0.58
 11.65,  0.58,  0.58,  0.58
 11.70,  0.58,  0.58,  0.58
 11.75,  0.58,  0.58,  0.58
 11.80,  0.58,  0.58,  0.58
 11.85,  0.58,  0.58,  0.58
 11.90,  0.58,  0.58,  0.58
 11.95,  0.58,  0.58,  0.58
 12.00,  0.58,  0.58,  0.58
 12.05,  0.58,  0.58,  0.58
 12.10,  0.58,  0.58,  0.58
 12.15,  0.58,  0.58,  0.58
 12.20,  0.58,  0.58,  0.58
 12.25,  0.58,  0.58,  0.58
 12.30,  0.58,  0.58,  0.58
 12.35,  0.58,  0.58,  0.58
 12.40,  0.58,  0.58,  0.58
 12.45,  0.58,  0.58,  0.58
 12.50,  0.58,  0.58,  0.58
 12.55,  0.58,  0.58,  0.58
 12.60,  0.58,  0.58,  0.58
 12.65,  0.58,  0.58,  0.58
 12.70,  0.58,  0.58,  0.58
 12.75,  0.58,  0.58,  0.58
 12.80,  0.58,  0.58,  0.58
 12.85,  0.58,  0.58,  0.58
 12.90,  0.58,  0.58,  0.58
 12.95,  0.58,  0.58,  0.58
 13.00,  0.58,  0.58,  0.58
 13.05,  0.58,  0.58,  0.58
 13.10,  0.58,  0.58,  0.58
 13.15,  0.58,  0.58,  0.58
 13.20,  0.58,  0.58,  0.58
 13.25,  0.58,  0.58,  0.58
 13.30,  0.58,  0.58,  0.58
 13.35,  0.58,  0.58,  0.58
 13.40,  0.58,  0.58,  0.58
 13.45,  0.58,  0.58,  0.58
 13.50,  0.58,  0.58,  0.58
 13.55,  0.58,  0.58,  0.58
 13.60,  0.58,  0.58,  0.58
 13.65,  0.58,  0.58,  0.58
 13.70,  0.58,  0.58,  0.58
 13.75,  0.58,  0.58,  0.58
 13.80,  0.58,  0.58,  0.58
 13.85,  0.58,  0.58,  0.58
 13.90,  0.58,  0.58,  0.58
 13.95,  0.58,  0.58,  0.58
 14.00,  0.58,  0.58,  0.58
 14.05,  0.58,  0.58,  0.58
 14.10,  0.58,  0.58,  0.58
 14.15,  0.58,  0.58,  0.58
 14.20,  0.58,  0.58,  0.58
 14.25,  0.58,  0.58,  0.58
 14.30,  0.58,  0.58,  0.58
 14.35,  0.58,  0.58,  0.58
 14.40,  0.58,  0.58,  0.58
 14.45,  0.58,  0.58,  0.58
 14.50,  0.58,  0.58,  0.58
 14.55,  0.58,  0.58,  0.58
 14.60,  0.58,  0.58,  0.58
 14.65,  0.58,  0.58,  0.58
 14.70,  0.58,  0.58,  0.58
 14.75,  0.58,  0.58,  0.58
 14.80,  0.58,  0.58,  0.58
 14.85,  0.58,  0.58,  0.58
 14.90,  0.58,  0.58,  0.58
 14.95,  0.58,  0.58,  0.58
 15.00,  0.58,  0.58,  0.58
 15.05,  0.58,  0.58,  0.58
 15.10,  0.58,  0.58,  0.58
 15.15,  0.58,  0.58,  0.58
 15.20,  0.58,  0.58,  0.58
 15.25,  0.58,  0.58,  0.58
 15.30,  0.58,  0.58,  0.58
 15.35,  0.58,  0.58,  0.58
 15.40,  0.58,  0.58,  0.59
 15.45,  0.58,  0.58,  0.59
 15.50,  0.58,  0.58,  0.59
 15.55,  0.58,  0.58,  0.59
 15.60,  0.58,  0.58,  0.59
 15.65,  0.58,  0.58,  0.59
 15.70,  0.58,  0.58,  0.59
 15.75,  0.58,  0.58,  0.59
 15.80,  0.58,  0.58,  0.59
 15.85,  0.58,  0.58,  0.59
 15.90,  0.58,  0.58,  0.59
 15.95,  0.58,  0.58,  0.59
 16.00,  0.58,  0.58,  0.59
 16.05,  0.58,  0.58,  0.59
 16.10,  0.58,  0.58,  0.59
 16.15,  0.58,  0.58,  0.59
 16.20,  0.58,  0.58,  0.59
 16.25,  0.58,  0.58,  0.59
 16.30,  0.58,  0.58,  0.59
 16.35,  0.58,  0.58,  0.59
 16.40,  0.58,  0.58,  0.59
 16.45,  0.58,  0.58,  0.59
 16.50,  0.58,  0.58,  0.59
 16.55,  0.58,  0.58,  0.59
 16.60,  0.58,  0.58,  0.59
 16.65,  0.58,  0.58,  0.59
 16.70,  0.58,  0.58,  0.59
 16.75,  0.58,  0.58,  0.59
 16.80,  0.58,  0.58,  0.59
 16.85,  0.58,  0.59,  0.59
 16.90,  0.58,  0.59,  0.59
 16.95,  0.58,  0.59,  0.59
 17.00,  0.58,  0.59,  0.59
 17.05,  0.58,  0.59,  0.59
 17.10,  0.58,  0.59,  0.59
 17.15,  0.58,  0.59,  0.59
 17.20,  0.58,  0.59,  0.59
 17.25,  0.58,  0.59,  0.59
 17.30,  0.58,  0.59,  0.59
 17.35,  0.58,  0.59,  0.59
 17.40,  0.58,  0.59,  0.59
 17.45,  0.58,  0.59,  0.59
 17.50,  0.58,  0.59,  0.59
 17.55,  0.58,  0.59,  0.59
 17.60,  0.58,  0.59,  0.59
 17.65,  0.58,  0.59,  0.59
 17.70,  0.58,  0.59,  0.59
 17.75,  0.58,  0.59,  0.59
 17.80,  0.58,  0.59,  0.59
 17.85,  0.58,  0.59,  0.59
 17.90,  0.58,  0.59,  0.59
 17.95,  0.58,  0.59,  0.59
 18.00,  0.58,  0.59,  0.59
 18.05,  0.58,  0.59,  0.59
 18.10,  0.58,  0.59,  0.59
 18.15,  0.58,  0.59,  0.59
 18.20,  0.58,  0.59,  0.59
 18.25,  0.58,  0.59,  0.59
 18.30,  0.58,  0.59,  0.59
 18.35,  0.58,  0.59,  0.59
 18.40,  0.58,  0.59,  0.59
 18.45,  0.58,  0.59,  0.59
 18.50,  0.58,  0.59,  0.59
 18.55,  0.58,  0.59,  0.59
 18.60,  0.58,  0.59,  0.59
 18.65,  0.59,  0.59,  0.59
 18.70,  0.59,  0.59,  0.59
 18.75,  0.59,  0.59,  0.59
 18.80,  0.59,  0.59,  0.59
 18.85,  0.59,  0.59,  0.59
 18.90,  0.59,  0.59,  0.59
 18.95,  0.59,  0.59,  0.59
 19.00,  0.59,  0.59,  0.59
 19.05,  0.59,  0.59,  0.59
 19.10,  0.59,  0.59,  0.59
 19.15,  0.59,  0.59,  0.59
 19.20,  0.59,  0.59,  0.59
 19.25,  0.59,  0.59,  0.59
 19.30,  0.59,  0.59,  0.59
 19.35,  0.59,  0.59,  0.59
 19.40,  0.59,  0.59,  0.59
 19.45,  0.59,  0.59,  0.59
 19.50,  0.59,  0.59,  0.59
 19.55,  0.59,  0.59,  0.59
 19.60,  0.59,  0.59,  0.59
 19.65,  0.59,  0.59,  0.59
 19.70,  0.59,  0.59,  0.59
 19.75,  0.59,  0.59,  0.59
 19.80,  0.59,  0.59,  0.59
 19.85,  0.59,  0.59,  0.59
 19.90,  0.59,  0.59,  0.59
 19.95,  0.59,  0.59,  0.59
